# The adjacency matrix, the number of edges between 2 species
# file	11128.fasta	11368.fasta	12009.fasta	E24377A.fasta	IAI1.fasta	SE11.fasta	Sb227.fasta	Ss046.fasta	W.fasta	
11128.fasta	0	5971	6382	3985	4068	4196	4180	3685	4149
11368.fasta	5971	0	6001	4356	4276	4431	3763	3820	4298
12009.fasta	6382	6001	0	4163	4178	4309	4027	3655	4158
E24377A.fasta	3985	4356	4163	0	3973	4052	3253	3651	4001
IAI1.fasta	4068	4276	4178	3973	0	4252	3190	3447	4180
SE11.fasta	4196	4431	4309	4052	4252	0	3266	3489	4292
Sb227.fasta	4180	3763	4027	3253	3190	3266	0	5966	3286
Ss046.fasta	3685	3820	3655	3651	3447	3489	5966	0	3451
W.fasta	4149	4298	4158	4001	4180	4292	3286	3451	0
# file	average number of edges
11128.fasta	4068.44444444444	
11368.fasta	4101.77777777778	
12009.fasta	4097	
E24377A.fasta	3492.66666666667	
IAI1.fasta	3507.11111111111	
SE11.fasta	3587.44444444444	
Sb227.fasta	3436.77777777778	
Ss046.fasta	3462.66666666667	
W.fasta	3535	
# The 2-path matrix, the number of paths between 2 species of length 2
# file	11128.fasta	11368.fasta	12009.fasta	E24377A.fasta	IAI1.fasta	SE11.fasta	Sb227.fasta	Ss046.fasta	W.fasta	
11128.fasta(0)	174683856	139282728	135051271	129393922	129249004	131718248	123431772	128602984	129609586
11368.fasta(1)	278565456	175782888	140186042	127103715	128646356	130809643	128320309	127322133	129593763
12009.fasta(2)	270102542	280372084	176960377	128712282	129309074	131753248	125670694	129450610	130731774
E24377A.fasta(3)	258787844	254207430	257424564	124308774	109145601	111388988	110650183	107587618	109852890
IAI1.fasta(4)	258498008	257292712	258618148	218291202	125683026	110503565	111031117	109392861	109151998
SE11.fasta(5)	263436496	261619286	263506496	222777976	221007130	131567007	113229398	111885219	111128491
Sb227.fasta(6)	246863544	256640618	251341388	221300366	222062234	226458796	125665115	90104338	111216251
Ss046.fasta(7)	257205968	254644266	258901220	215175236	218785722	223770438	180208676	126417938	110500090
W.fasta(8)	259219172	259187526	261463548	219705780	218303996	222256982	222432502	221000180	127584831
# file	average number of 2-paths
11128.fasta(0)	251929209.555556
11368.fasta(1)	253145807.333333
12009.fasta(2)	253187818.555556
E24377A.fasta(3)	221331019.111111
IAI1.fasta(4)	222060242
SE11.fasta(5)	226266734.111111
Sb227.fasta(6)	216997026.555556
Ss046.fasta(7)	217345516
W.fasta(8)	223461613
