# The adjacency matrix, the number of edges between 2 species
# file	11128.fasta	11368.fasta	12009.fasta	55989.fasta	ATCC8739.fasta	BW2952.fasta	DH10B.fasta	E24377A.fasta	IAI1.fasta	MG1655.fasta	NCTC86.fasta	SE11.fasta	W3110.fasta	
11128.fasta	0	6005	6413	3943	3917	3865	3929	3992	4056	3882	4167	4140	3917
11368.fasta	6005	0	6000	4131	4088	4016	4069	4395	4271	3994	4515	4415	4014
12009.fasta	6413	6000	0	3972	3937	3906	3973	4167	4175	3916	4300	4300	3945
55989.fasta	3943	4131	3972	0	3776	3711	3768	3714	3709	3699	3976	3878	3686
ATCC8739.fasta	3917	4088	3937	3776	0	4126	4272	3855	3997	4091	4066	4035	4085
BW2952.fasta	3865	4016	3906	3711	4126	0	4655	3794	3929	4355	4129	4008	4443
DH10B.fasta	3929	4069	3973	3768	4272	4655	0	3891	3985	4532	4244	4059	4647
E24377A.fasta	3992	4395	4167	3714	3855	3794	3891	0	3975	3866	4035	4052	3892
IAI1.fasta	4056	4271	4175	3709	3997	3929	3985	3975	0	3887	3976	4250	3856
MG1655.fasta	3882	3994	3916	3699	4091	4355	4532	3866	3887	0	4074	3958	4587
NCTC86.fasta	4167	4515	4300	3976	4066	4129	4244	4035	3976	4074	0	4053	4094
SE11.fasta	4140	4415	4300	3878	4035	4008	4059	4052	4250	3958	4053	0	3936
W3110.fasta	3917	4014	3945	3686	4085	4443	4647	3892	3856	4587	4094	3936	0
# file	average number of edges
11128.fasta	4017.38461538462	
11368.fasta	4147.15384615385	
12009.fasta	4077.23076923077	
55989.fasta	3535.61538461538	
ATCC8739.fasta	3711.15384615385	
BW2952.fasta	3764.38461538462	
DH10B.fasta	3848	
E24377A.fasta	3663.69230769231	
IAI1.fasta	3697.38461538462	
MG1655.fasta	3757	
NCTC86.fasta	3817.61538461538	
SE11.fasta	3775.69230769231	
W3110.fasta	3777.07692307692	
# The 2-path matrix, the number of paths between 2 species of length 2
# file	11128.fasta	11368.fasta	12009.fasta	55989.fasta	ATCC8739.fasta	BW2952.fasta	DH10B.fasta	E24377A.fasta	IAI1.fasta	MG1655.fasta	NCTC86.fasta	SE11.fasta	W3110.fasta	
11128.fasta(0)	235755500	205475837	197762473	185507654	194547988	197438444	201475980	192775333	193769594	196873686	199790888	197707458	197706728
11368.fasta(1)	410951674	248021095	208885610	189987960	199618096	202804965	207112560	195293039	198249901	202615720	203034587	201654938	203626306
12009.fasta(2)	395524946	417771220	242117482	188164068	197456046	200144802	204212266	194041067	195653581	199645389	201548930	199194068	200552503
55989.fasta(3)	371015308	379975920	376328136	176283849	170524913	173573787	177226814	168891164	170552535	173276126	174439591	173121989	174384591
ATCC8739.fasta(4)	389095976	399236192	394912092	341049826	194160759	180090268	183185590	176668194	177316601	179960494	183080133	181072330	181095197
BW2952.fasta(5)	394876888	405609930	400289604	347147574	360180536	200438195	183249495	179803983	180534369	181047523	185427397	183992966	181406311
DH10B.fasta(6)	402951960	414225120	408424532	354453628	366371180	366498990	209536120	183266115	184368524	183953009	188883451	187953421	184067853
E24377A.fasta(7)	385550666	390586078	388082134	337782328	353336388	359607966	366532230	189399290	175254598	178814154	180927601	178674788	179621611
IAI1.fasta(8)	387539188	396499802	391307162	341105070	354633202	361068738	368737048	350509196	192822364	180469745	183157861	178818139	181781595
MG1655.fasta(9)	393747372	405231440	399290778	346552252	359920988	362095046	367906018	357628308	360939490	199639481	185479811	183997061	179734436
NCTC86.fasta(10)	399581776	406069174	403097860	348879182	366160266	370854794	377766902	361855202	366315722	370959622	205515145	186762467	186416732
SE11.fasta(11)	395414916	403309876	398388136	346243978	362144660	367985932	375906842	357349576	357636278	367994122	373524934	201047352	185255402
W3110.fasta(12)	395413456	407252612	401105006	348769182	362190394	362812622	368135706	359243222	363563190	359468872	372833464	370510804	201936690
# file	average number of 2-paths
11128.fasta(0)	381339971.230769
11368.fasta(1)	391133856.384615
12009.fasta(2)	385895314.461538
55989.fasta(3)	339660479.461538
ATCC8739.fasta(4)	354107112.230769
BW2952.fasta(5)	358420524.230769
DH10B.fasta(6)	365188175.076923
E24377A.fasta(7)	350574044.923077
IAI1.fasta(8)	353282803.846154
MG1655.fasta(9)	357797983.769231
NCTC86.fasta(10)	363339541.769231
SE11.fasta(11)	359804415.846154
W3110.fasta(12)	359479632.307692
