# The adjacency matrix, the number of edges between 2 species
# file	AC30.fasta	ATCC17978.fasta	ATCC19606.fasta	BJAB0715.fasta	D1279779.fasta	MDR-TJ.fasta	NCGM237.fasta	PKAB07.fasta	TYTH-1.fasta	
AC30.fasta	0	3112	3081	3214	3061	3325	3364	3649	3382
ATCC17978.fasta	3112	0	3226	3203	3241	3224	3233	3311	3201
ATCC19606.fasta	3081	3226	0	3220	3082	3147	3166	3288	3138
BJAB0715.fasta	3214	3203	3220	0	3151	3400	3765	3791	3387
D1279779.fasta	3061	3241	3082	3151	0	3176	3184	3283	3134
MDR-TJ.fasta	3325	3224	3147	3400	3176	0	3747	3875	3603
NCGM237.fasta	3364	3233	3166	3765	3184	3747	0	4046	3573
PKAB07.fasta	3649	3311	3288	3791	3283	3875	4046	0	3770
TYTH-1.fasta	3382	3201	3138	3387	3134	3603	3573	3770	0
# file	average number of edges
AC30.fasta	2909.77777777778	
ATCC17978.fasta	2861.22222222222	
ATCC19606.fasta	2816.44444444444	
BJAB0715.fasta	3014.55555555556	
D1279779.fasta	2812.44444444444	
MDR-TJ.fasta	3055.22222222222	
NCGM237.fasta	3119.77777777778	
PKAB07.fasta	3223.66666666667	
TYTH-1.fasta	3020.88888888889	
# The 2-path matrix, the number of paths between 2 species of length 2
# file	AC30.fasta	ATCC17978.fasta	ATCC19606.fasta	BJAB0715.fasta	D1279779.fasta	MDR-TJ.fasta	NCGM237.fasta	PKAB07.fasta	TYTH-1.fasta	
AC30.fasta(0)	86001868	74657682	73547221	78792420	73558979	79308460	80968991	81912956	77864959
ATCC17978.fasta(1)	149315364	82910497	71203406	77129712	70996260	78160617	79974730	82387040	77303878
ATCC19606.fasta(2)	147094442	142406812	80351914	75659598	70737039	77291597	79037661	81083602	76358015
BJAB0715.fasta(3)	157584840	154259424	151319196	92464881	75989888	82154879	81574436	84442292	81096760
D1279779.fasta(4)	147117958	141992520	141474078	151979776	80126204	76983138	78777756	80984241	76266966
MDR-TJ.fasta(5)	158616920	156321234	154583194	164309758	153966276	95037629	83037047	85214805	80906625
NCGM237.fasta(6)	161937982	159949460	158075322	163148872	157555512	166074094	99281876	86105529	83145361
PKAB07.fasta(7)	163825912	164774080	162167204	168884584	161968482	170429610	172211058	105837277	84804195
TYTH-1.fasta(8)	155729918	154607756	152716030	162193520	152533932	161813250	166290722	169608390	92785932
# file	average number of 2-paths
AC30.fasta(0)	147469467.111111
ATCC17978.fasta(1)	145170794.111111
ATCC19606.fasta(2)	143354243.555556
BJAB0715.fasta(3)	151793872.333333
D1279779.fasta(4)	143190526.444444
MDR-TJ.fasta(5)	153461329.444444
NCGM237.fasta(6)	156058322
PKAB07.fasta(7)	159967399.666667
TYTH-1.fasta(8)	152031050
