# The adjacency matrix, the number of edges between 2 species
# file	042.fasta	11368.fasta	2a301.fasta	ATCC8739.fasta	IAI39.fasta	O55H7.fasta	S88.fasta	Ss046.fasta	W.fasta	
042.fasta	0	4374	3648	3904	4113	4099	3980	3520	3939
11368.fasta	4374	0	4117	4130	4306	4784	4188	3885	4300
2a301.fasta	3648	4117	0	3577	3628	3452	3316	5439	3292
ATCC8739.fasta	3904	4130	3577	0	4034	3823	3732	3782	4080
IAI39.fasta	4113	4306	3628	4034	0	3941	4048	3978	3881
O55H7.fasta	4099	4784	3452	3823	3941	0	3932	3480	3930
S88.fasta	3980	4188	3316	3732	4048	3932	0	3419	3833
Ss046.fasta	3520	3885	5439	3782	3978	3480	3419	0	3441
W.fasta	3939	4300	3292	4080	3881	3930	3833	3441	0
# file	average number of edges
042.fasta	3508.55555555556	
11368.fasta	3787.11111111111	
2a301.fasta	3385.44444444444	
ATCC8739.fasta	3451.33333333333	
IAI39.fasta	3547.66666666667	
O55H7.fasta	3493.44444444444	
S88.fasta	3383.11111111111	
Ss046.fasta	3438.22222222222	
W.fasta	3410.66666666667	
# The 2-path matrix, the number of paths between 2 species of length 2
# file	042.fasta	11368.fasta	2a301.fasta	ATCC8739.fasta	IAI39.fasta	O55H7.fasta	S88.fasta	Ss046.fasta	W.fasta	
042.fasta(0)	125146087	115743670	106354226	107612955	109373142	108031667	104884567	109387143	106185019
11368.fasta(1)	231487340	145689326	112039421	115328927	117536756	111785862	112479743	116301163	112566345
2a301.fasta(2)	212708452	224078842	119547051	105454320	108601738	107525491	104583985	91474039	105739187
ATCC8739.fasta(3)	215225910	230657854	210908640	120859278	107871143	107876198	104626658	105392713	102911302
IAI39.fasta(4)	218746284	235073512	217203476	215742286	127698375	110417435	105461271	107105163	107811415
O55H7.fasta(5)	216063334	223571724	215050982	215752396	220834870	124767495	104978658	108892270	106020042
S88.fasta(6)	209769134	224959486	209167970	209253316	210922542	209957316	116531802	105405785	102756279
Ss046.fasta(7)	218774286	232602326	182948078	210785426	214210326	217784540	210811570	122834796	106126573
W.fasta(8)	212370038	225132690	211478374	205822604	215622830	212040084	205512558	212253146	118528816
# file	average number of 2-paths
042.fasta(0)	206698985
11368.fasta(1)	219250344.444444
2a301.fasta(2)	200343540.555556
ATCC8739.fasta(3)	203889745.555556
IAI39.fasta(4)	208450500.111111
O55H7.fasta(5)	206202526.777778
S88.fasta(6)	200765077.111111
Ss046.fasta(7)	202556054.888889
W.fasta(8)	202084571.111111
